1091
1027
2
1091
1027
4
1091
1027
8
1091
1027
16
1091
1027
24
1091
1027
48
1091
1027
96
1091
1027
120
1091
1027
144
1091
1027
192
1091
1027
240
1091
1027
384
1091
1027
480
1091
1027
768
1091
1027
960
1091
1027
1024
1091
1027
1440
1091
1027
1920
1091
1027
2048
1091
1027
2880
1091
1027
3840
1091
1027
4096
1091
1027
5760
1091
1027
7680
1091
1027
8192
1091
1027
11520
1091
1027
12288
1091
1027
15360
1091
1027
16384
1091
1027
23040
1091
1027
24576
1091
1027
30720
1091
1027
32768
1091
1027
36864
1091
1027
46080
1091
1027
49152
1091
1027
65535
